     5.400     4.000     2.769     0.233  39
     5.600     4.000     2.769     0.233  39
     3.600     4.000     2.769     0.233  39
     4.700     6.000     2.769     0.233  39
     5.700     4.000     2.769     0.233  39
     4.800     4.000     2.769     0.233  39
     6.400     7.000     2.769     0.233  39
     4.900     5.000     2.769     0.233  39
     5.300     5.000     2.769     0.233  39
     5.500     5.000     2.769     0.233  39
     3.900     6.000     2.769     0.233  39
     5.100     5.000     2.769     0.233  39
     4.800     4.000     2.769     0.233  39
     4.600     3.000     2.769     0.233  39
     5.200     4.000     2.769     0.233  39
     6.000     6.000     2.769     0.233  39
     4.000     5.000     2.981     0.233  94
     5.600     5.000     2.981     0.233  94
     6.000     4.000     2.981     0.233  94
     6.600     5.000     2.981     0.233  94
     6.300     6.000     2.981     0.233  94
     5.700     6.000     2.981     0.233  94
     6.100     6.000     2.981     0.233  94
     5.300     6.000     2.981     0.233  94
     5.700     5.000     2.981     0.233  94
     4.900     5.000     2.981     0.233  94
     4.100     2.000     2.981     0.233  94
     4.000     5.000     2.981     0.233  94
     6.000     7.000     2.981     0.233  94
     3.900     3.000     2.981     0.233  94
     4.700     4.000     2.981     0.233  94
     7.200     4.000     2.981     0.233  94
     4.200     5.000     2.060     0.227  16
     5.600     6.000     2.060     0.227  16
     4.500     5.000     2.060     0.227  16
     6.300     7.000     2.060     0.227  16
     5.100     5.000     2.060     0.227  16
     2.800     5.000     2.060     0.227  16
     6.300     6.000     2.060     0.227  16
     3.100     8.000     2.060     0.227  16
     5.400     5.000     2.060     0.227  16
     4.700     6.000     2.060     0.227  16
     6.500     8.000     2.060     0.227  16
     4.500     6.000     2.060     0.227  16
     6.800     7.000     2.060     0.227  16
     2.900     5.000     2.060     0.227  16
     5.100     4.000     2.060     0.227  16
     4.200     6.000     2.060     0.227  16
     5.100     6.000     2.060     0.227  16
     5.900     4.000     3.713     0.227  29
     3.800     4.000     3.713     0.227  29
     5.200     5.000     3.713     0.227  29
     6.100     7.000     3.713     0.227  29
     5.500     4.000     3.713     0.227  29
     7.200     4.000     3.713     0.227  29
     6.200     6.000     3.713     0.227  29
     7.100     5.000     3.713     0.227  29
     6.000     4.000     3.713     0.227  29
     6.000     5.000     3.713     0.227  29
     5.200     3.000     3.713     0.227  29
     6.600     3.000     3.713     0.227  29
     5.700     5.000     3.713     0.227  29
     6.900     5.000     3.713     0.227  29
     6.600     5.000     3.713     0.227  29
     5.700     3.000     3.713     0.227  29
     4.700     2.000     3.713     0.227  29
     3.300     6.000     1.729     0.227  30
     2.600     5.000     1.729     0.227  30
     5.300     5.000     1.729     0.227  30
     4.000     7.000     1.729     0.227  30
     4.700     5.000     1.729     0.227  30
     5.200     6.000     1.729     0.227  30
     3.500     6.000     1.729     0.227  30
     6.500     8.000     1.729     0.227  30
     3.900     5.000     1.729     0.227  30
     4.900     5.000     1.729     0.227  30
     3.600     6.000     1.729     0.227  30
     4.300     5.000     1.729     0.227  30
     3.500     4.000     1.729     0.227  30
     4.000     5.000     1.729     0.227  30
     7.100     8.000     1.729     0.227  30
     6.100     6.000     1.729     0.227  30
     4.600     8.000     1.729     0.227  30
     3.500     5.000     2.202     0.227  38
     3.500     5.000     2.202     0.227  38
     4.900     5.000     2.202     0.227  38
     4.800     5.000     2.202     0.227  38
     5.800     5.000     2.202     0.227  38
     5.900     5.000     2.202     0.227  38
     5.000     4.000     2.202     0.227  38
     4.300     6.000     2.202     0.227  38
     4.600     4.000     2.202     0.227  38
     3.600     4.000     2.202     0.227  38
     3.000     4.000     2.202     0.227  38
     4.500     6.000     2.202     0.227  38
     3.900     4.000     2.202     0.227  38
     4.200     5.000     2.202     0.227  38
     6.000     5.000     2.202     0.227  38
     6.500     6.000     2.202     0.227  38
     3.400     5.000     2.202     0.227  38
     3.700     5.000     2.128     0.227  12
     4.800     4.000     2.128     0.227  12
     4.200     2.000     2.128     0.227  12
     5.700     7.000     2.128     0.227  12
     4.600     4.000     2.128     0.227  12
     3.800     3.000     2.128     0.227  12
     2.800     4.000     2.128     0.227  12
     4.700     6.000     2.128     0.227  12
     5.600     5.000     2.128     0.227  12
     2.800     3.000     2.128     0.227  12
     3.800     4.000     2.128     0.227  12
     2.400     3.000     2.128     0.227  12
     5.300     4.000     2.128     0.227  12
     3.500     4.000     2.128     0.227  12
     4.500     4.000     2.128     0.227  12
     4.500     5.000     2.128     0.227  12
     4.500     6.000     2.128     0.227  12
     6.700     7.000     2.808     0.227  43
     4.200     5.000     2.808     0.227  43
     5.600     5.000     2.808     0.227  43
     4.700     4.000     2.808     0.227  43
     5.600     6.000     2.808     0.227  43
     6.200     4.000     2.808     0.227  43
     4.700     6.000     2.808     0.227  43
     5.400     5.000     2.808     0.227  43
     6.700     5.000     2.808     0.227  43
     4.800     5.000     2.808     0.227  43
     5.500     5.000     2.808     0.227  43
     5.600     4.000     2.808     0.227  43
     4.300     6.000     2.808     0.227  43
     5.200     5.000     2.808     0.227  43
     5.900     7.000     2.808     0.227  43
     4.500     4.000     2.808     0.227  43
     5.700     6.000     2.808     0.227  43
     5.300     4.000     2.371     0.227  47
     5.500     8.000     2.371     0.227  47
     5.800     5.000     2.371     0.227  47
     3.700     5.000     2.371     0.227  47
     5.400     6.000     2.371     0.227  47
     4.900     4.000     2.371     0.227  47
     4.100     5.000     2.371     0.227  47
     5.500     6.000     2.371     0.227  47
     6.100     6.000     2.371     0.227  47
     3.900     4.000     2.371     0.227  47
     5.200     5.000     2.371     0.227  47
     4.400     5.000     2.371     0.227  47
     4.300     5.000     2.371     0.227  47
     3.000     5.000     2.371     0.227  47
     5.900     4.000     2.371     0.227  47
     4.400     4.000     2.371     0.227  47
     5.500     7.000     2.371     0.227  47
     2.900     6.000     1.597     0.227  59
     4.800     5.000     1.597     0.227  59
     5.800     6.000     1.597     0.227  59
     3.100     5.000     1.597     0.227  59
     4.300     5.000     1.597     0.227  59
     4.100     6.000     1.597     0.227  59
     2.800     5.000     1.597     0.227  59
     5.000     6.000     1.597     0.227  59
     5.100     5.000     1.597     0.227  59
     4.700     7.000     1.597     0.227  59
     3.400     6.000     1.597     0.227  59
     1.800     4.000     1.597     0.227  59
     4.100     4.000     1.597     0.227  59
     6.100     6.000     1.597     0.227  59
     4.600     6.000     1.597     0.227  59
     3.900     5.000     1.597     0.227  59
     4.800     6.000     1.597     0.227  59
     6.500     3.000     3.320     0.227  68
     6.300     6.000     3.320     0.227  68
     5.200     5.000     3.320     0.227  68
     6.800     5.000     3.320     0.227  68
     4.800     4.000     3.320     0.227  68
     7.500     6.000     3.320     0.227  68
     5.800     6.000     3.320     0.227  68
     5.900     6.000     3.320     0.227  68
     6.700     5.000     3.320     0.227  68
     6.300     4.000     3.320     0.227  68
     4.600     4.000     3.320     0.227  68
     4.700     6.000     3.320     0.227  68
     5.500     5.000     3.320     0.227  68
     5.700     3.000     3.320     0.227  68
     4.700     4.000     3.320     0.227  68
     5.200     4.000     3.320     0.227  68
     4.000     4.000     3.320     0.227  68
     6.900     6.000     2.559     0.227  74
     4.800     5.000     2.559     0.227  74
     5.700     5.000     2.559     0.227  74
     4.700     5.000     2.559     0.227  74
     5.100     6.000     2.559     0.227  74
     5.300     5.000     2.559     0.227  74
     3.300     5.000     2.559     0.227  74
     6.600     7.000     2.559     0.227  74
     4.700     5.000     2.559     0.227  74
     4.200     6.000     2.559     0.227  74
     5.900     5.000     2.559     0.227  74
     4.600     6.000     2.559     0.227  74
     6.400     5.000     2.559     0.227  74
     3.800     5.000     2.559     0.227  74
     4.300     3.000     2.559     0.227  74
     5.600     5.000     2.559     0.227  74
     4.400     4.000     2.559     0.227  74
     5.400     4.000     4.309     0.227  75
     8.100     6.000     4.309     0.227  75
     6.000     4.000     4.309     0.227  75
     7.500     5.000     4.309     0.227  75
     5.800     6.000     4.309     0.227  75
     7.500     4.000     4.309     0.227  75
     7.500     3.000     4.309     0.227  75
     6.400     6.000     4.309     0.227  75
     5.700     4.000     4.309     0.227  75
     6.500     5.000     4.309     0.227  75
     6.800     3.000     4.309     0.227  75
     5.800     5.000     4.309     0.227  75
     7.100     6.000     4.309     0.227  75
     6.400     6.000     4.309     0.227  75
     7.900     5.000     4.309     0.227  75
     8.100     5.000     4.309     0.227  75
     6.600     5.000     4.309     0.227  75
     4.400     4.000     1.990     0.227  92
     4.200     4.000     1.990     0.227  92
     3.000     4.000     1.990     0.227  92
     4.000     4.000     1.990     0.227  92
     3.800     4.000     1.990     0.227  92
     4.800     6.000     1.990     0.227  92
     4.000     4.000     1.990     0.227  92
     5.000     5.000     1.990     0.227  92
     2.100     4.000     1.990     0.227  92
     3.400     3.000     1.990     0.227  92
     5.200     5.000     1.990     0.227  92
     4.800     6.000     1.990     0.227  92
     3.800     3.000     1.990     0.227  92
     5.900     4.000     1.990     0.227  92
     3.500     4.000     1.990     0.227  92
     4.000     5.000     1.990     0.227  92
     2.800     4.000     1.990     0.227  92
     3.000     7.000     0.455     0.227  14
     3.300     6.000     0.455     0.227  14
     5.300     9.000     0.455     0.227  14
     3.200     7.000     0.455     0.227  14
     3.600     6.000     0.455     0.227  14
     4.500     8.000     0.455     0.227  14
     1.400     5.000     0.455     0.227  14
     2.300     6.000     0.455     0.227  14
     2.800     6.000     0.455     0.227  14
     4.500     8.000     0.455     0.227  14
     3.900     7.000     0.455     0.227  14
     4.500     7.000     0.455     0.227  14
     3.100     7.000     0.455     0.227  14
     4.500     7.000     0.455     0.227  14
     2.300     6.000     0.455     0.227  14
     6.500     8.000     0.455     0.227  14
     3.100     6.000     0.455     0.227  14
     4.800     6.000     1.130     0.221  57
     6.700     8.000     1.130     0.221  57
     2.800     6.000     1.130     0.221  57
     4.900     7.000     1.130     0.221  57
     5.400     7.000     1.130     0.221  57
     3.900     6.000     1.130     0.221  57
     2.100     5.000     1.130     0.221  57
     3.100     5.000     1.130     0.221  57
     3.500     5.000     1.130     0.221  57
     2.100     6.000     1.130     0.221  57
     5.000     5.000     1.130     0.221  57
     4.800     7.000     1.130     0.221  57
     2.200     4.000     1.130     0.221  57
     5.100     7.000     1.130     0.221  57
     1.200     2.000     1.130     0.221  57
     4.900     7.000     1.130     0.221  57
     4.800     8.000     1.130     0.221  57
     3.000     5.000     1.130     0.221  57
     4.000     6.000     2.216     0.221  76
     4.500     5.000     2.216     0.221  76
     3.500     5.000     2.216     0.221  76
     5.200     5.000     2.216     0.221  76
     5.500     6.000     2.216     0.221  76
     5.000     5.000     2.216     0.221  76
     5.100     6.000     2.216     0.221  76
     3.800     3.000     2.216     0.221  76
     6.000     5.000     2.216     0.221  76
     4.000     5.000     2.216     0.221  76
     3.200     5.000     2.216     0.221  76
     6.100     5.000     2.216     0.221  76
     4.500     5.000     2.216     0.221  76
     3.600     4.000     2.216     0.221  76
     5.200     5.000     2.216     0.221  76
     4.800     5.000     2.216     0.221  76
     3.900     4.000     2.216     0.221  76
     4.400     4.000     2.216     0.221  76
     3.700     5.000     2.501     0.221  78
     5.400     6.000     2.501     0.221  78
     5.600     4.000     2.501     0.221  78
     5.600     7.000     2.501     0.221  78
     3.800     5.000     2.501     0.221  78
     6.400     5.000     2.501     0.221  78
     4.400     6.000     2.501     0.221  78
     7.100     6.000     2.501     0.221  78
     4.100     5.000     2.501     0.221  78
     3.900     3.000     2.501     0.221  78
     3.900     4.000     2.501     0.221  78
     5.300     6.000     2.501     0.221  78
     5.200     3.000     2.501     0.221  78
     5.400     7.000     2.501     0.221  78
     5.300     6.000     2.501     0.221  78
     3.700     4.000     2.501     0.221  78
     4.900     3.000     2.501     0.221  78
     6.000     7.000     2.501     0.221  78
     5.700     4.000     3.533     0.221  83
     6.300     6.000     3.533     0.221  83
     6.100     5.000     3.533     0.221  83
     5.700     6.000     3.533     0.221  83
     7.000     7.000     3.533     0.221  83
     5.400     5.000     3.533     0.221  83
     7.600     7.000     3.533     0.221  83
     6.400     3.000     3.533     0.221  83
     5.900     5.000     3.533     0.221  83
     4.500     5.000     3.533     0.221  83
     6.000     4.000     3.533     0.221  83
     7.100     6.000     3.533     0.221  83
     6.200     5.000     3.533     0.221  83
     6.700     4.000     3.533     0.221  83
     5.000     4.000     3.533     0.221  83
     7.600     6.000     3.533     0.221  83
     5.300     7.000     3.533     0.221  83
     5.900     5.000     3.533     0.221  83
     4.500     4.000     2.456     0.221  89
     5.800     7.000     2.456     0.221  89
     5.700     5.000     2.456     0.221  89
     5.000     5.000     2.456     0.221  89
     5.500     6.000     2.456     0.221  89
     6.900     5.000     2.456     0.221  89
     5.700     5.000     2.456     0.221  89
     6.200     5.000     2.456     0.221  89
     4.000     4.000     2.456     0.221  89
     3.400     5.000     2.456     0.221  89
     6.800     7.000     2.456     0.221  89
     6.000     6.000     2.456     0.221  89
     5.400     6.000     2.456     0.221  89
     2.000     4.000     2.456     0.221  89
     3.200     5.000     2.456     0.221  89
     4.900     5.000     2.456     0.221  89
     5.200     5.000     2.456     0.221  89
     4.100     6.000     2.456     0.221  89
     4.600     7.000     2.518     0.221  91
     5.000     4.000     2.518     0.221  91
     5.700     3.000     2.518     0.221  91
     4.000     5.000     2.518     0.221  91
     4.900     5.000     2.518     0.221  91
     4.000     4.000     2.518     0.221  91
     7.700     7.000     2.518     0.221  91
     3.800     4.000     2.518     0.221  91
     6.100     5.000     2.518     0.221  91
     4.000     5.000     2.518     0.221  91
     5.900     6.000     2.518     0.221  91
     5.100     5.000     2.518     0.221  91
     3.500     4.000     2.518     0.221  91
     7.100     7.000     2.518     0.221  91
     5.200     4.000     2.518     0.221  91
     4.800     5.000     2.518     0.221  91
     4.200     7.000     2.518     0.221  91
     5.400     7.000     2.518     0.221  91
     5.000     5.000     3.476     0.221  69
     5.400     5.000     3.476     0.221  69
     5.300     4.000     3.476     0.221  69
     6.600     3.000     3.476     0.221  69
     5.900     6.000     3.476     0.221  69
     4.100     5.000     3.476     0.221  69
     5.600     3.000     3.476     0.221  69
     5.900     5.000     3.476     0.221  69
     4.700     4.000     3.476     0.221  69
     6.200     5.000     3.476     0.221  69
     4.700     3.000     3.476     0.221  69
     4.900     3.000     3.476     0.221  69
     5.300     4.000     3.476     0.221  69
     6.600     5.000     3.476     0.221  69
     5.100     5.000     3.476     0.221  69
     7.500     5.000     3.476     0.221  69
     7.100     5.000     3.476     0.221  69
     7.100     6.000     3.476     0.221  69
     4.200     5.000     2.178     0.221   3
     6.000     5.000     2.178     0.221   3
     4.600     4.000     2.178     0.221   3
     4.900     4.000     2.178     0.221   3
     4.700     6.000     2.178     0.221   3
     4.800     5.000     2.178     0.221   3
     2.800     5.000     2.178     0.221   3
     6.700     7.000     2.178     0.221   3
     4.900     4.000     2.178     0.221   3
     6.300     7.000     2.178     0.221   3
     5.600     6.000     2.178     0.221   3
     3.100     4.000     2.178     0.221   3
     3.500     5.000     2.178     0.221   3
     4.700     4.000     2.178     0.221   3
     4.300     6.000     2.178     0.221   3
     4.900     7.000     2.178     0.221   3
     5.900     6.000     2.178     0.221   3
     2.600     4.000     2.178     0.221   3
     3.400     5.000     1.807     0.215  24
     2.700     4.000     1.807     0.215  24
     3.800     5.000     1.807     0.215  24
     3.700     5.000     1.807     0.215  24
     7.300     7.000     1.807     0.215  24
     6.600     7.000     1.807     0.215  24
     3.000     7.000     1.807     0.215  24
     5.200     6.000     1.807     0.215  24
     4.700     5.000     1.807     0.215  24
     6.200     6.000     1.807     0.215  24
     4.500     7.000     1.807     0.215  24
     3.300     6.000     1.807     0.215  24
     3.900     6.000     1.807     0.215  24
     3.400     5.000     1.807     0.215  24
     4.100     5.000     1.807     0.215  24
     5.300     7.000     1.807     0.215  24
     5.600     5.000     1.807     0.215  24
     5.300     5.000     1.807     0.215  24
     4.500     6.000     1.807     0.215  24
     6.200     3.000     3.569     0.215  61
     5.900     6.000     3.569     0.215  61
     5.600     4.000     3.569     0.215  61
     4.800     3.000     3.569     0.215  61
     5.500     4.000     3.569     0.215  61
     5.500     5.000     3.569     0.215  61
     4.400     4.000     3.569     0.215  61
     7.100     6.000     3.569     0.215  61
     4.300     4.000     3.569     0.215  61
     6.300     4.000     3.569     0.215  61
     8.200     5.000     3.569     0.215  61
     4.400     3.000     3.569     0.215  61
     7.500     6.000     3.569     0.215  61
     5.300     5.000     3.569     0.215  61
     5.900     4.000     3.569     0.215  61
     6.400     5.000     3.569     0.215  61
     5.700     4.000     3.569     0.215  61
     5.100     4.000     3.569     0.215  61
     5.700     5.000     3.569     0.215  61
     6.300     2.000     4.814     0.215  64
     6.900     4.000     4.814     0.215  64
     5.600     4.000     4.814     0.215  64
     8.800     5.000     4.814     0.215  64
     5.700     3.000     4.814     0.215  64
     8.200     3.000     4.814     0.215  64
     8.100     5.000     4.814     0.215  64
     6.600     5.000     4.814     0.215  64
     6.900     6.000     4.814     0.215  64
     5.700     6.000     4.814     0.215  64
     8.800     5.000     4.814     0.215  64
     7.600     2.000     4.814     0.215  64
     9.100     7.000     4.814     0.215  64
     7.700     5.000     4.814     0.215  64
     6.000     5.000     4.814     0.215  64
     7.400     5.000     4.814     0.215  64
     5.600     3.000     4.814     0.215  64
     8.900     6.000     4.814     0.215  64
     6.400     6.000     4.814     0.215  64
     4.900     6.000     1.858     0.215  31
     5.700     6.000     1.858     0.215  31
     5.200     6.000     1.858     0.215  31
     7.300     6.000     1.858     0.215  31
     3.500     5.000     1.858     0.215  31
     4.000     5.000     1.858     0.215  31
     5.800     6.000     1.858     0.215  31
     5.800     5.000     1.858     0.215  31
     4.400     5.000     1.858     0.215  31
     4.600     6.000     1.858     0.215  31
     4.200     5.000     1.858     0.215  31
     1.500     3.000     1.858     0.215  31
     2.900     4.000     1.858     0.215  31
     3.200     4.000     1.858     0.215  31
     1.800     4.000     1.858     0.215  31
     5.500     6.000     1.858     0.215  31
     0.400     3.000     1.858     0.215  31
     5.400     6.000     1.858     0.215  31
     5.100     5.000     1.858     0.215  31
     5.000     6.000     1.462     0.215  41
     3.400     3.000     1.462     0.215  41
     2.500     5.000     1.462     0.215  41
     5.000     5.000     1.462     0.215  41
     3.800     6.000     1.462     0.215  41
     3.400     5.000     1.462     0.215  41
     3.000     5.000     1.462     0.215  41
     4.400     5.000     1.462     0.215  41
     3.600     5.000     1.462     0.215  41
     4.200     4.000     1.462     0.215  41
     5.300     6.000     1.462     0.215  41
     2.900     5.000     1.462     0.215  41
     2.800     5.000     1.462     0.215  41
     3.700     6.000     1.462     0.215  41
     4.200     5.000     1.462     0.215  41
     3.200     4.000     1.462     0.215  41
     3.600     3.000     1.462     0.215  41
     4.100     5.000     1.462     0.215  41
     3.200     4.000     1.462     0.215  41
     7.200     7.000     3.750     0.215  33
     8.700     7.000     3.750     0.215  33
     5.400     7.000     3.750     0.215  33
     9.200     8.000     3.750     0.215  33
     7.000     6.000     3.750     0.215  33
     6.400     7.000     3.750     0.215  33
     9.500     8.000     3.750     0.215  33
     8.100     7.000     3.750     0.215  33
     6.000     8.000     3.750     0.215  33
     7.000     8.000     3.750     0.215  33
     8.100     9.000     3.750     0.215  33
     7.400     6.000     3.750     0.215  33
     8.400     7.000     3.750     0.215  33
     4.700     6.000     3.750     0.215  33
     7.400     7.000     3.750     0.215  33
     5.700     7.000     3.750     0.215  33
     8.000     7.000     3.750     0.215  33
     8.800     9.000     3.750     0.215  33
     6.200     6.000     3.750     0.215  33
     4.200     5.000     2.247     0.215  44
     6.700     6.000     2.247     0.215  44
     6.000     6.000     2.247     0.215  44
     6.000     6.000     2.247     0.215  44
     4.000     5.000     2.247     0.215  44
     5.100     5.000     2.247     0.215  44
     4.900     4.000     2.247     0.215  44
     3.900     5.000     2.247     0.215  44
     4.500     6.000     2.247     0.215  44
     3.300     4.000     2.247     0.215  44
     4.300     6.000     2.247     0.215  44
     6.400     8.000     2.247     0.215  44
     5.200     5.000     2.247     0.215  44
     6.200     7.000     2.247     0.215  44
     5.700     7.000     2.247     0.215  44
     3.600     5.000     2.247     0.215  44
     5.100     6.000     2.247     0.215  44
     5.100     5.000     2.247     0.215  44
     3.700     5.000     2.247     0.215  44
     4.300     6.000     3.202     0.215  45
     7.900     6.000     3.202     0.215  45
     4.800     5.000     3.202     0.215  45
     7.700     7.000     3.202     0.215  45
     6.300     6.000     3.202     0.215  45
     4.900     4.000     3.202     0.215  45
     5.200     5.000     3.202     0.215  45
     7.900     3.000     3.202     0.215  45
     6.200     6.000     3.202     0.215  45
     6.000     6.000     3.202     0.215  45
     4.800     5.000     3.202     0.215  45
     6.200     5.000     3.202     0.215  45
     5.600     4.000     3.202     0.215  45
     5.100     6.000     3.202     0.215  45
     4.500     4.000     3.202     0.215  45
     5.500     5.000     3.202     0.215  45
     7.100     6.000     3.202     0.215  45
     4.800     5.000     3.202     0.215  45
     4.900     5.000     3.202     0.215  45
     6.000     8.000     1.655     0.215  77
     5.300     7.000     1.655     0.215  77
     5.500     6.000     1.655     0.215  77
     6.100     7.000     1.655     0.215  77
     6.200     7.000     1.655     0.215  77
     2.900     5.000     1.655     0.215  77
     5.600     6.000     1.655     0.215  77
     4.300     5.000     1.655     0.215  77
     6.500     7.000     1.655     0.215  77
     4.000     6.000     1.655     0.215  77
     3.000     5.000     1.655     0.215  77
     4.500     6.000     1.655     0.215  77
     3.900     7.000     1.655     0.215  77
     3.800     7.000     1.655     0.215  77
     2.500     5.000     1.655     0.215  77
     3.200     6.000     1.655     0.215  77
     4.300     6.000     1.655     0.215  77
     6.700     7.000     1.655     0.215  77
     4.500     7.000     1.655     0.215  77
     6.300     6.000     2.825     0.215  36
     3.900     4.000     2.825     0.215  36
     4.000     5.000     2.825     0.215  36
     3.200     4.000     2.825     0.215  36
     4.200     6.000     2.825     0.215  36
     5.000     3.000     2.825     0.215  36
     5.300     3.000     2.825     0.215  36
     5.300     4.000     2.825     0.215  36
     5.700     6.000     2.825     0.215  36
     5.200     4.000     2.825     0.215  36
     5.000     3.000     2.825     0.215  36
     3.900     5.000     2.825     0.215  36
     5.400     3.000     2.825     0.215  36
     7.400     4.000     2.825     0.215  36
     4.300     7.000     2.825     0.215  36
     6.700     6.000     2.825     0.215  36
     4.400     5.000     2.825     0.215  36
     5.300     4.000     2.825     0.215  36
     5.300     4.000     2.825     0.215  36
     5.800     6.000     1.458     0.215  48
     1.800     4.000     1.458     0.215  48
     5.500     7.000     1.458     0.215  48
     2.100     5.000     1.458     0.215  48
     3.600     6.000     1.458     0.215  48
     1.900     6.000     1.458     0.215  48
     4.400     4.000     1.458     0.215  48
     5.100     8.000     1.458     0.215  48
     2.500     4.000     1.458     0.215  48
     2.600     5.000     1.458     0.215  48
     3.600     5.000     1.458     0.215  48
     3.400     5.000     1.458     0.215  48
     6.100     6.000     1.458     0.215  48
     7.400     8.000     1.458     0.215  48
     5.200     7.000     1.458     0.215  48
     4.500     6.000     1.458     0.215  48
     5.300     6.000     1.458     0.215  48
     4.000     5.000     1.458     0.215  48
     4.200     5.000     1.458     0.215  48
     6.800     3.000     4.278     0.215  53
     7.200     5.000     4.278     0.215  53
     6.200     4.000     4.278     0.215  53
     7.500     5.000     4.278     0.215  53
     7.100     4.000     4.278     0.215  53
     6.700     5.000     4.278     0.215  53
     7.000     7.000     4.278     0.215  53
     6.500     5.000     4.278     0.215  53
     8.400     6.000     4.278     0.215  53
     6.200     4.000     4.278     0.215  53
     5.300     1.000     4.278     0.215  53
     5.300     4.000     4.278     0.215  53
     5.500     4.000     4.278     0.215  53
     7.400     5.000     4.278     0.215  53
     6.900     5.000     4.278     0.215  53
     7.500     6.000     4.278     0.215  53
     6.800     6.000     4.278     0.215  53
     5.100     5.000     4.278     0.215  53
     6.600     4.000     4.278     0.215  53
     6.000     4.000     2.714     0.215  54
     4.700     6.000     2.714     0.215  54
     5.600     5.000     2.714     0.215  54
     3.600     5.000     2.714     0.215  54
     3.400     6.000     2.714     0.215  54
     4.700     4.000     2.714     0.215  54
     6.600     5.000     2.714     0.215  54
     4.600     5.000     2.714     0.215  54
     4.500     7.000     2.714     0.215  54
     5.500     4.000     2.714     0.215  54
     5.300     5.000     2.714     0.215  54
     5.400     6.000     2.714     0.215  54
     4.800     5.000     2.714     0.215  54
     5.600     5.000     2.714     0.215  54
     6.000     6.000     2.714     0.215  54
     6.800     6.000     2.714     0.215  54
     3.800     4.000     2.714     0.215  54
     6.700     6.000     2.714     0.215  54
     5.800     4.000     2.714     0.215  54
     4.900     5.000     2.377     0.215  56
     2.400     4.000     2.377     0.215  56
     4.400     6.000     2.377     0.215  56
     3.400     4.000     2.377     0.215  56
     3.900     6.000     2.377     0.215  56
     4.400     5.000     2.377     0.215  56
     6.100     5.000     2.377     0.215  56
     3.900     3.000     2.377     0.215  56
     6.300     6.000     2.377     0.215  56
     4.900     4.000     2.377     0.215  56
     5.900     6.000     2.377     0.215  56
     6.000     5.000     2.377     0.215  56
     6.500     5.000     2.377     0.215  56
     4.000     5.000     2.377     0.215  56
     4.000     4.000     2.377     0.215  56
     5.700     4.000     2.377     0.215  56
     3.600     6.000     2.377     0.215  56
     3.900     5.000     2.377     0.215  56
     6.000     5.000     2.377     0.215  56
     4.600     5.000     2.737     0.215  37
     6.900     5.000     2.737     0.215  37
     6.400     6.000     2.737     0.215  37
     6.700     6.000     2.737     0.215  37
     4.100     5.000     2.737     0.215  37
     4.600     6.000     2.737     0.215  37
     5.300     7.000     2.737     0.215  37
     7.100     5.000     2.737     0.215  37
     6.000     6.000     2.737     0.215  37
     4.000     6.000     2.737     0.215  37
     4.900     4.000     2.737     0.215  37
     4.100     4.000     2.737     0.215  37
     4.400     4.000     2.737     0.215  37
     4.800     5.000     2.737     0.215  37
     4.500     5.000     2.737     0.215  37
     3.600     4.000     2.737     0.215  37
     5.700     6.000     2.737     0.215  37
     6.800     7.000     2.737     0.215  37
     7.300     6.000     2.737     0.215  37
     4.100     4.000     1.938     0.210   6
     5.800     6.000     1.938     0.210   6
     4.200     5.000     1.938     0.210   6
     3.900     5.000     1.938     0.210   6
     5.000     4.000     1.938     0.210   6
     4.400     4.000     1.938     0.210   6
     4.300     6.000     1.938     0.210   6
     3.300     5.000     1.938     0.210   6
     3.100     4.000     1.938     0.210   6
     6.400     7.000     1.938     0.210   6
     3.500     5.000     1.938     0.210   6
     5.900     6.000     1.938     0.210   6
     4.200     5.000     1.938     0.210   6
     3.500     3.000     1.938     0.210   6
     4.600     4.000     1.938     0.210   6
     5.100     6.000     1.938     0.210   6
     4.200     5.000     1.938     0.210   6
     4.900     7.000     1.938     0.210   6
     3.600     5.000     1.938     0.210   6
     2.700     4.000     1.938     0.210   6
     5.700     4.000     3.700     0.210  58
     6.500     6.000     3.700     0.210  58
     6.400     5.000     3.700     0.210  58
     8.100     6.000     3.700     0.210  58
     5.100     6.000     3.700     0.210  58
     4.100     3.000     3.700     0.210  58
     6.300     6.000     3.700     0.210  58
     5.200     3.000     3.700     0.210  58
     7.000     4.000     3.700     0.210  58
     5.600     5.000     3.700     0.210  58
     6.500     6.000     3.700     0.210  58
     4.000     2.000     3.700     0.210  58
     7.000     6.000     3.700     0.210  58
     4.500     4.000     3.700     0.210  58
     6.700     5.000     3.700     0.210  58
     7.500     5.000     3.700     0.210  58
     7.000     4.000     3.700     0.210  58
     7.000     5.000     3.700     0.210  58
     5.700     5.000     3.700     0.210  58
     4.600     3.000     3.700     0.210  58
     7.100     8.000     3.207     0.210  19
     5.400     4.000     3.207     0.210  19
     6.200     5.000     3.207     0.210  19
     7.100     5.000     3.207     0.210  19
     4.400     5.000     3.207     0.210  19
     3.200     3.000     3.207     0.210  19
     5.600     5.000     3.207     0.210  19
     6.200     4.000     3.207     0.210  19
     4.500     5.000     3.207     0.210  19
     5.900     4.000     3.207     0.210  19
     5.900     6.000     3.207     0.210  19
     3.700     4.000     3.207     0.210  19
     7.100     6.000     3.207     0.210  19
     5.600     5.000     3.207     0.210  19
     5.000     3.000     3.207     0.210  19
     5.900     5.000     3.207     0.210  19
     4.800     4.000     3.207     0.210  19
     5.700     5.000     3.207     0.210  19
     6.800     3.000     3.207     0.210  19
     4.000     4.000     3.207     0.210  19
     6.000     5.000     2.762     0.210  20
     6.500     7.000     2.762     0.210  20
     5.900     5.000     2.762     0.210  20
     5.100     4.000     2.762     0.210  20
     5.800     5.000     2.762     0.210  20
     6.900     6.000     2.762     0.210  20
     7.200     8.000     2.762     0.210  20
     3.300     5.000     2.762     0.210  20
     6.600     5.000     2.762     0.210  20
     2.700     4.000     2.762     0.210  20
     3.100     4.000     2.762     0.210  20
     5.700     6.000     2.762     0.210  20
     5.600     7.000     2.762     0.210  20
     6.300     4.000     2.762     0.210  20
     5.900     6.000     2.762     0.210  20
     2.900     5.000     2.762     0.210  20
     6.300     6.000     2.762     0.210  20
     5.700     5.000     2.762     0.210  20
     6.300     6.000     2.762     0.210  20
     4.200     5.000     2.762     0.210  20
     6.600     5.000     3.332     0.210  62
     5.000     5.000     3.332     0.210  62
     4.900     5.000     3.332     0.210  62
     5.400     6.000     3.332     0.210  62
     4.900     3.000     3.332     0.210  62
     5.800     4.000     3.332     0.210  62
     8.400     5.000     3.332     0.210  62
     6.500     4.000     3.332     0.210  62
     4.800     4.000     3.332     0.210  62
     6.700     6.000     3.332     0.210  62
     6.000     4.000     3.332     0.210  62
     5.200     6.000     3.332     0.210  62
     4.700     4.000     3.332     0.210  62
     5.400     6.000     3.332     0.210  62
     4.700     5.000     3.332     0.210  62
     6.900     5.000     3.332     0.210  62
     5.200     4.000     3.332     0.210  62
     4.800     5.000     3.332     0.210  62
     7.500     5.000     3.332     0.210  62
     4.800     5.000     3.332     0.210  62
     5.700     3.000     3.818     0.210  22
     5.800     2.000     3.818     0.210  22
     7.600     6.000     3.818     0.210  22
     7.800     6.000     3.818     0.210  22
     5.400     5.000     3.818     0.210  22
     5.700     4.000     3.818     0.210  22
     6.300     4.000     3.818     0.210  22
     6.700     6.000     3.818     0.210  22
     7.000     4.000     3.818     0.210  22
     5.600     5.000     3.818     0.210  22
     5.500     5.000     3.818     0.210  22
     5.400     6.000     3.818     0.210  22
     6.700     6.000     3.818     0.210  22
     7.300     7.000     3.818     0.210  22
     6.100     5.000     3.818     0.210  22
     6.500     5.000     3.818     0.210  22
     5.800     4.000     3.818     0.210  22
     7.100     6.000     3.818     0.210  22
     5.900     5.000     3.818     0.210  22
     7.000     7.000     3.818     0.210  22
     7.500     7.000     3.270     0.210  66
     6.900     7.000     3.270     0.210  66
     4.500     5.000     3.270     0.210  66
     4.000     5.000     3.270     0.210  66
     6.200     5.000     3.270     0.210  66
     5.200     5.000     3.270     0.210  66
     7.000     6.000     3.270     0.210  66
     6.300     6.000     3.270     0.210  66
     5.500     5.000     3.270     0.210  66
     6.600     6.000     3.270     0.210  66
     4.600     6.000     3.270     0.210  66
     5.300     5.000     3.270     0.210  66
     6.400     4.000     3.270     0.210  66
     6.500     5.000     3.270     0.210  66
     7.400     7.000     3.270     0.210  66
     6.700     6.000     3.270     0.210  66
     4.900     4.000     3.270     0.210  66
     5.100     4.000     3.270     0.210  66
     8.600     7.000     3.270     0.210  66
     4.500     5.000     3.270     0.210  66
     6.400     8.000     2.439     0.210  40
     5.100     8.000     2.439     0.210  40
     7.700     9.000     2.439     0.210  40
     7.400     9.000     2.439     0.210  40
     6.800     8.000     2.439     0.210  40
     6.800    10.000     2.439     0.210  40
     8.200     9.000     2.439     0.210  40
     7.600    10.000     2.439     0.210  40
     7.500     9.000     2.439     0.210  40
     6.500     8.000     2.439     0.210  40
     4.300     7.000     2.439     0.210  40
     7.700    10.000     2.439     0.210  40
     7.500     8.000     2.439     0.210  40
     6.500     9.000     2.439     0.210  40
     8.600    10.000     2.439     0.210  40
     5.400     9.000     2.439     0.210  40
     4.500     8.000     2.439     0.210  40
     3.800     6.000     2.439     0.210  40
     6.900     8.000     2.439     0.210  40
     6.600     8.000     2.439     0.210  40
     6.100     6.000     1.339     0.210   8
     3.200     5.000     1.339     0.210   8
     3.300     4.000     1.339     0.210   8
     5.000     7.000     1.339     0.210   8
     4.200     6.000     1.339     0.210   8
     5.600     7.000     1.339     0.210   8
     3.900     6.000     1.339     0.210   8
     4.500     5.000     1.339     0.210   8
     2.200     6.000     1.339     0.210   8
     4.200     5.000     1.339     0.210   8
     1.500     4.000     1.339     0.210   8
     3.200     5.000     1.339     0.210   8
     2.700     5.000     1.339     0.210   8
     4.100     5.000     1.339     0.210   8
     4.800     7.000     1.339     0.210   8
     3.500     5.000     1.339     0.210   8
     3.600     5.000     1.339     0.210   8
     5.500     7.000     1.339     0.210   8
     4.800     6.000     1.339     0.210   8
     3.500     5.000     1.339     0.210   8
     4.700     3.000     2.761     0.210  73
     6.200     6.000     2.761     0.210  73
     6.700     5.000     2.761     0.210  73
     5.400     5.000     2.761     0.210  73
     5.000     6.000     2.761     0.210  73
     4.200     5.000     2.761     0.210  73
     5.300     6.000     2.761     0.210  73
     4.400     5.000     2.761     0.210  73
     6.200     5.000     2.761     0.210  73
     3.800     4.000     2.761     0.210  73
     6.300     6.000     2.761     0.210  73
     4.500     4.000     2.761     0.210  73
     5.600     5.000     2.761     0.210  73
     3.300     4.000     2.761     0.210  73
     5.200     6.000     2.761     0.210  73
     4.100     3.000     2.761     0.210  73
     5.100     5.000     2.761     0.210  73
     6.300     5.000     2.761     0.210  73
     6.800     6.000     2.761     0.210  73
     4.000     4.000     2.761     0.210  73
     5.100     4.000     2.393     0.210  25
     5.600     5.000     2.393     0.210  25
     5.600     5.000     2.393     0.210  25
     5.900     4.000     2.393     0.210  25
     6.500     7.000     2.393     0.210  25
     3.700     6.000     2.393     0.210  25
     3.900     5.000     2.393     0.210  25
     5.700     6.000     2.393     0.210  25
     5.700     4.000     2.393     0.210  25
     5.100     5.000     2.393     0.210  25
     5.700     6.000     2.393     0.210  25
     4.600     6.000     2.393     0.210  25
     7.000     5.000     2.393     0.210  25
     4.700     4.000     2.393     0.210  25
     3.300     5.000     2.393     0.210  25
     4.000     4.000     2.393     0.210  25
     2.900     5.000     2.393     0.210  25
     3.800     5.000     2.393     0.210  25
     3.700     5.000     2.393     0.210  25
     4.300     5.000     2.393     0.210  25
     2.500     4.000     1.932     0.210  27
     6.000     6.000     1.932     0.210  27
     3.600     6.000     1.932     0.210  27
     4.800     5.000     1.932     0.210  27
     2.900     4.000     1.932     0.210  27
     6.200     7.000     1.932     0.210  27
     4.000     5.000     1.932     0.210  27
     4.900     7.000     1.932     0.210  27
     5.400     5.000     1.932     0.210  27
     4.200     5.000     1.932     0.210  27
     4.800     5.000     1.932     0.210  27
     6.400     6.000     1.932     0.210  27
     3.200     5.000     1.932     0.210  27
     5.200     5.000     1.932     0.210  27
     3.400     4.000     1.932     0.210  27
     4.800     5.000     1.932     0.210  27
     4.200     5.000     1.932     0.210  27
     3.200     4.000     1.932     0.210  27
     4.700     6.000     1.932     0.210  27
     4.600     6.000     1.932     0.210  27
     4.900     5.000     2.081     0.210  28
     4.300     3.000     2.081     0.210  28
     3.800     3.000     2.081     0.210  28
     4.100     5.000     2.081     0.210  28
     5.500     6.000     2.081     0.210  28
     5.000     6.000     2.081     0.210  28
     3.600     6.000     2.081     0.210  28
     5.400     5.000     2.081     0.210  28
     6.000     6.000     2.081     0.210  28
     4.800     5.000     2.081     0.210  28
     4.100     6.000     2.081     0.210  28
     4.200     5.000     2.081     0.210  28
     5.600     6.000     2.081     0.210  28
     4.400     7.000     2.081     0.210  28
     4.800     5.000     2.081     0.210  28
     3.300     6.000     2.081     0.210  28
     4.900     5.000     2.081     0.210  28
     3.400     4.000     2.081     0.210  28
     3.700     3.000     2.081     0.210  28
     4.400     4.000     2.081     0.210  28
     5.200     6.000     2.200     0.210   9
     6.000     5.000     2.200     0.210   9
     5.100     5.000     2.200     0.210   9
     5.300     6.000     2.200     0.210   9
     6.700     6.000     2.200     0.210   9
     3.600     5.000     2.200     0.210   9
     3.500     5.000     2.200     0.210   9
     3.900     5.000     2.200     0.210   9
     4.300     5.000     2.200     0.210   9
     4.000     5.000     2.200     0.210   9
     4.600     3.000     2.200     0.210   9
     4.500     4.000     2.200     0.210   9
     3.600     4.000     2.200     0.210   9
     2.600     5.000     2.200     0.210   9
     3.900     4.000     2.200     0.210   9
     5.000     6.000     2.200     0.210   9
     4.500     6.000     2.200     0.210   9
     7.300     7.000     2.200     0.210   9
     6.700     6.000     2.200     0.210   9
     2.900     4.000     2.200     0.210   9
     6.400     8.000     1.789     0.210   2
     2.400     4.000     1.789     0.210   2
     3.700     6.000     1.789     0.210   2
     4.400     5.000     1.789     0.210   2
     4.300     5.000     1.789     0.210   2
     4.000     5.000     1.789     0.210   2
     3.800     4.000     1.789     0.210   2
     4.200     5.000     1.789     0.210   2
     5.100     6.000     1.789     0.210   2
     4.100     4.000     1.789     0.210   2
     4.600     6.000     1.789     0.210   2
     4.900     4.000     1.789     0.210   2
     3.100     4.000     1.789     0.210   2
     3.200     3.000     1.789     0.210   2
     4.400     6.000     1.789     0.210   2
     3.700     5.000     1.789     0.210   2
     6.100     5.000     1.789     0.210   2
     3.500     3.000     1.789     0.210   2
     2.900     4.000     1.789     0.210   2
     3.300     5.000     1.789     0.210   2
     6.700     6.000     2.633     0.210  79
     5.000     6.000     2.633     0.210  79
     4.000     6.000     2.633     0.210  79
     4.700     4.000     2.633     0.210  79
     7.400     7.000     2.633     0.210  79
     4.000     4.000     2.633     0.210  79
     3.500     5.000     2.633     0.210  79
     4.900     5.000     2.633     0.210  79
     3.200     3.000     2.633     0.210  79
     6.300     5.000     2.633     0.210  79
     6.600     6.000     2.633     0.210  79
     5.500     6.000     2.633     0.210  79
     5.900     5.000     2.633     0.210  79
     4.800     5.000     2.633     0.210  79
     7.400     6.000     2.633     0.210  79
     4.200     4.000     2.633     0.210  79
     5.500     5.000     2.633     0.210  79
     5.900     6.000     2.633     0.210  79
     4.000     5.000     2.633     0.210  79
     4.300     6.000     2.633     0.210  79
     4.200     4.000     2.039     0.210  80
     5.200     4.000     2.039     0.210  80
     2.700     4.000     2.039     0.210  80
     5.800     5.000     2.039     0.210  80
     4.700     5.000     2.039     0.210  80
     2.000     6.000     2.039     0.210  80
     4.500     4.000     2.039     0.210  80
     5.400     4.000     2.039     0.210  80
     5.400     6.000     2.039     0.210  80
     3.500     5.000     2.039     0.210  80
     5.300     6.000     2.039     0.210  80
     2.800     5.000     2.039     0.210  80
     5.300     5.000     2.039     0.210  80
     4.600     5.000     2.039     0.210  80
     3.800     6.000     2.039     0.210  80
     3.600     5.000     2.039     0.210  80
     3.700     2.000     2.039     0.210  80
     4.600     4.000     2.039     0.210  80
     3.700     6.000     2.039     0.210  80
     5.600     4.000     2.039     0.210  80
     5.400     4.000     2.166     0.210  49
     5.700     6.000     2.166     0.210  49
     3.200     4.000     2.166     0.210  49
     6.300     7.000     2.166     0.210  49
     4.200     5.000     2.166     0.210  49
     4.400     5.000     2.166     0.210  49
     5.000     5.000     2.166     0.210  49
     4.300     6.000     2.166     0.210  49
     4.200     5.000     2.166     0.210  49
     4.700     5.000     2.166     0.210  49
     4.100     5.000     2.166     0.210  49
     5.400     6.000     2.166     0.210  49
     5.200     6.000     2.166     0.210  49
     4.800     5.000     2.166     0.210  49
     4.900     6.000     2.166     0.210  49
     4.500     5.000     2.166     0.210  49
     3.500     6.000     2.166     0.210  49
     6.900     8.000     2.166     0.210  49
     5.300     4.000     2.166     0.210  49
     3.400     5.000     2.166     0.210  49
     5.200     4.000     3.699     0.210  50
     6.700     6.000     3.699     0.210  50
     6.800     5.000     3.699     0.210  50
     5.600     5.000     3.699     0.210  50
     5.600     6.000     3.699     0.210  50
     6.500     2.000     3.699     0.210  50
     5.100     5.000     3.699     0.210  50
     7.000     5.000     3.699     0.210  50
     6.400     7.000     3.699     0.210  50
     6.400     5.000     3.699     0.210  50
     7.400     6.000     3.699     0.210  50
     5.800     5.000     3.699     0.210  50
     6.700     4.000     3.699     0.210  50
     5.300     5.000     3.699     0.210  50
     5.400     5.000     3.699     0.210  50
     7.200     5.000     3.699     0.210  50
     5.000     5.000     3.699     0.210  50
     6.300     6.000     3.699     0.210  50
     7.600     5.000     3.699     0.210  50
     5.900     4.000     3.699     0.210  50
     6.500     4.000     3.601     0.210  13
     6.400     4.000     3.601     0.210  13
     6.200     6.000     3.601     0.210  13
     6.100     6.000     3.601     0.210  13
     5.600     5.000     3.601     0.210  13
     6.300     4.000     3.601     0.210  13
     6.200     6.000     3.601     0.210  13
     6.200     6.000     3.601     0.210  13
     5.700     6.000     3.601     0.210  13
     5.900     7.000     3.601     0.210  13
     5.000     3.000     3.601     0.210  13
     6.100     4.000     3.601     0.210  13
     4.500     4.000     3.601     0.210  13
     7.200     6.000     3.601     0.210  13
     6.300     6.000     3.601     0.210  13
     4.800     4.000     3.601     0.210  13
     8.000     7.000     3.601     0.210  13
     6.000     5.000     3.601     0.210  13
     7.700     5.000     3.601     0.210  13
     6.100     4.000     3.601     0.210  13
     6.300     5.000     2.708     0.210   1
     4.900     7.000     2.708     0.210   1
     5.300     4.000     2.708     0.210   1
     4.700     3.000     2.708     0.210   1
     6.000     5.000     2.708     0.210   1
     4.700     4.000     2.708     0.210   1
     5.900     5.000     2.708     0.210   1
     4.200     4.000     2.708     0.210   1
     5.200     5.000     2.708     0.210   1
     3.900     5.000     2.708     0.210   1
     5.700     5.000     2.708     0.210   1
     4.800     5.000     2.708     0.210   1
     5.000     5.000     2.708     0.210   1
     5.500     5.000     2.708     0.210   1
     6.000     5.000     2.708     0.210   1
     5.700     6.000     2.708     0.210   1
     3.200     4.000     2.708     0.210   1
     3.100     4.000     2.708     0.210   1
     6.600     7.000     2.708     0.210   1
     4.800     4.000     2.708     0.210   1
     5.200     5.000     2.037     0.210  93
     5.700     7.000     2.037     0.210  93
     5.100     4.000     2.037     0.210  93
     4.500     5.000     2.037     0.210  93
     4.400     6.000     2.037     0.210  93
     5.900     5.000     2.037     0.210  93
     6.600     7.000     2.037     0.210  93
     3.000     5.000     2.037     0.210  93
     4.000     5.000     2.037     0.210  93
     4.300     5.000     2.037     0.210  93
     4.200     6.000     2.037     0.210  93
     5.200     6.000     2.037     0.210  93
     3.300     5.000     2.037     0.210  93
     5.600     7.000     2.037     0.210  93
     6.100     6.000     2.037     0.210  93
     2.800     3.000     2.037     0.210  93
     4.400     5.000     2.037     0.210  93
     3.400     5.000     2.037     0.210  93
     3.600     4.000     2.037     0.210  93
     4.400     5.000     2.037     0.210  93
     6.000     4.000     4.553     0.210  35
     7.500     5.000     4.553     0.210  35
     7.900     6.000     4.553     0.210  35
     7.800     4.000     4.553     0.210  35
     7.900     4.000     4.553     0.210  35
     7.000     5.000     4.553     0.210  35
     5.500     6.000     4.553     0.210  35
     7.000     4.000     4.553     0.210  35
     6.200     4.000     4.553     0.210  35
     7.000     7.000     4.553     0.210  35
     6.600     4.000     4.553     0.210  35
     6.800     6.000     4.553     0.210  35
     6.800     3.000     4.553     0.210  35
     6.800     6.000     4.553     0.210  35
     7.400     4.000     4.553     0.210  35
     7.500     5.000     4.553     0.210  35
     7.100     6.000     4.553     0.210  35
     6.700     4.000     4.553     0.210  35
     7.300     5.000     4.553     0.210  35
     6.700     3.000     4.553     0.210  35
     3.900     5.000     1.375     0.210 100
     3.700     6.000     1.375     0.210 100
     6.100     7.000     1.375     0.210 100
     1.700     3.000     1.375     0.210 100
     5.900     7.000     1.375     0.210 100
     6.100     7.000     1.375     0.210 100
     4.300     7.000     1.375     0.210 100
     3.900     5.000     1.375     0.210 100
     1.100     5.000     1.375     0.210 100
     1.400     5.000     1.375     0.210 100
     1.900     5.000     1.375     0.210 100
     4.900     6.000     1.375     0.210 100
     6.500     7.000     1.375     0.210 100
     3.700     5.000     1.375     0.210 100
     5.200     5.000     1.375     0.210 100
     4.300     4.000     1.375     0.210 100
     2.600     4.000     1.375     0.210 100
     6.700     8.000     1.375     0.210 100
     2.900     5.000     1.375     0.210 100
     5.300     9.000     1.375     0.210 100
     5.900     6.000     3.984     0.205  67
     8.100     8.000     3.984     0.205  67
     5.900     6.000     3.984     0.205  67
     6.000     3.000     3.984     0.205  67
     8.300     7.000     3.984     0.205  67
     5.800     5.000     3.984     0.205  67
     5.500     5.000     3.984     0.205  67
     5.900     4.000     3.984     0.205  67
     8.200     4.000     3.984     0.205  67
     6.900     7.000     3.984     0.205  67
     6.700     5.000     3.984     0.205  67
     6.400     6.000     3.984     0.205  67
     6.400     4.000     3.984     0.205  67
     5.500     5.000     3.984     0.205  67
     7.300     4.000     3.984     0.205  67
     6.700     4.000     3.984     0.205  67
     5.600     1.000     3.984     0.205  67
     7.400     7.000     3.984     0.205  67
     5.300     5.000     3.984     0.205  67
     6.700     5.000     3.984     0.205  67
     6.800     6.000     3.984     0.205  67
     5.800     6.000     1.791     0.205   7
     4.800     4.000     1.791     0.205   7
     4.400     4.000     1.791     0.205   7
     1.700     4.000     1.791     0.205   7
     3.600     4.000     1.791     0.205   7
     3.800     5.000     1.791     0.205   7
     4.100     4.000     1.791     0.205   7
     5.700     5.000     1.791     0.205   7
     2.900     6.000     1.791     0.205   7
     4.900     5.000     1.791     0.205   7
     5.100     5.000     1.791     0.205   7
     4.000     6.000     1.791     0.205   7
     3.000     4.000     1.791     0.205   7
     4.700     4.000     1.791     0.205   7
     2.800     7.000     1.791     0.205   7
     3.700     5.000     1.791     0.205   7
     5.100     6.000     1.791     0.205   7
     3.500     5.000     1.791     0.205   7
     4.700     5.000     1.791     0.205   7
     6.000     7.000     1.791     0.205   7
     4.000     5.000     1.791     0.205   7
     4.100     5.000     1.765     0.205  26
     3.700     4.000     1.765     0.205  26
     4.100     6.000     1.765     0.205  26
     4.100     4.000     1.765     0.205  26
     2.800     4.000     1.765     0.205  26
     3.200     4.000     1.765     0.205  26
     6.000     6.000     1.765     0.205  26
     3.200     5.000     1.765     0.205  26
     3.400     4.000     1.765     0.205  26
     3.200     4.000     1.765     0.205  26
     4.900     6.000     1.765     0.205  26
     3.500     5.000     1.765     0.205  26
     3.900     4.000     1.765     0.205  26
     3.800     6.000     1.765     0.205  26
     2.900     4.000     1.765     0.205  26
     3.600     3.000     1.765     0.205  26
     6.100     7.000     1.765     0.205  26
     5.500     4.000     1.765     0.205  26
     6.200     7.000     1.765     0.205  26
     2.600     5.000     1.765     0.205  26
     4.500     4.000     1.765     0.205  26
     2.400     4.000     1.666     0.205  81
     4.600     6.000     1.666     0.205  81
     3.900     6.000     1.666     0.205  81
     4.800     6.000     1.666     0.205  81
     6.000     6.000     1.666     0.205  81
     3.700     5.000     1.666     0.205  81
     4.100     5.000     1.666     0.205  81
     4.500     5.000     1.666     0.205  81
     4.800     6.000     1.666     0.205  81
     3.300     4.000     1.666     0.205  81
     3.900     7.000     1.666     0.205  81
     5.200     5.000     1.666     0.205  81
     4.900     6.000     1.666     0.205  81
     6.000     7.000     1.666     0.205  81
     2.700     5.000     1.666     0.205  81
     2.700     4.000     1.666     0.205  81
     4.400     6.000     1.666     0.205  81
     4.600     5.000     1.666     0.205  81
     5.300     6.000     1.666     0.205  81
     4.100     5.000     1.666     0.205  81
     4.500     7.000     1.666     0.205  81
     1.400     4.000    -0.001     0.205  82
     2.800     5.000    -0.001     0.205  82
     2.500     6.000    -0.001     0.205  82
     4.200     9.000    -0.001     0.205  82
     3.100     5.000    -0.001     0.205  82
     1.100     5.000    -0.001     0.205  82
     4.200     7.000    -0.001     0.205  82
     2.400     6.000    -0.001     0.205  82
     0.000     5.000    -0.001     0.205  82
     2.500     5.000    -0.001     0.205  82
     1.700     5.000    -0.001     0.205  82
     1.900     5.000    -0.001     0.205  82
     0.900     4.000    -0.001     0.205  82
     1.800     6.000    -0.001     0.205  82
     3.600     6.000    -0.001     0.205  82
     3.700     5.000    -0.001     0.205  82
     4.000     6.000    -0.001     0.205  82
     4.300     6.000    -0.001     0.205  82
     1.300     6.000    -0.001     0.205  82
     3.200     5.000    -0.001     0.205  82
     3.900     7.000    -0.001     0.205  82
     4.900     4.000     2.649     0.205  70
     4.100     4.000     2.649     0.205  70
     5.000     6.000     2.649     0.205  70
     4.200     4.000     2.649     0.205  70
     6.500     5.000     2.649     0.205  70
     7.400     4.000     2.649     0.205  70
     5.000     5.000     2.649     0.205  70
     6.100     6.000     2.649     0.205  70
     4.400     3.000     2.649     0.205  70
     5.600     4.000     2.649     0.205  70
     4.900     6.000     2.649     0.205  70
     5.300     7.000     2.649     0.205  70
     3.100     5.000     2.649     0.205  70
     4.300     5.000     2.649     0.205  70
     5.800     5.000     2.649     0.205  70
     3.100     4.000     2.649     0.205  70
     5.500     4.000     2.649     0.205  70
     5.800     5.000     2.649     0.205  70
     4.900     7.000     2.649     0.205  70
     2.900     1.000     2.649     0.205  70
     4.100     3.000     2.649     0.205  70
     5.600     5.000     3.916     0.205  84
     4.900     4.000     3.916     0.205  84
     7.100     5.000     3.916     0.205  84
     8.100     5.000     3.916     0.205  84
     6.200     6.000     3.916     0.205  84
     6.600     6.000     3.916     0.205  84
     6.400     3.000     3.916     0.205  84
     5.000     5.000     3.916     0.205  84
     5.600     5.000     3.916     0.205  84
     7.500     5.000     3.916     0.205  84
     6.500     6.000     3.916     0.205  84
     5.600     5.000     3.916     0.205  84
     5.300     4.000     3.916     0.205  84
     7.300     5.000     3.916     0.205  84
     6.600     5.000     3.916     0.205  84
     6.200     5.000     3.916     0.205  84
     5.800     4.000     3.916     0.205  84
     7.600     5.000     3.916     0.205  84
     7.100     4.000     3.916     0.205  84
     6.600     4.000     3.916     0.205  84
     4.300     3.000     3.916     0.205  84
     2.900     7.000     1.779     0.205  87
     6.100     7.000     1.779     0.205  87
     7.000     8.000     1.779     0.205  87
     7.300    10.000     1.779     0.205  87
     6.200     8.000     1.779     0.205  87
     6.100     8.000     1.779     0.205  87
     5.400     6.000     1.779     0.205  87
     6.900     9.000     1.779     0.205  87
     4.100     8.000     1.779     0.205  87
     6.100     8.000     1.779     0.205  87
     2.000     5.000     1.779     0.205  87
     3.500     6.000     1.779     0.205  87
     7.100     9.000     1.779     0.205  87
     6.400     8.000     1.779     0.205  87
     5.900     8.000     1.779     0.205  87
     5.500     7.000     1.779     0.205  87
     5.600    10.000     1.779     0.205  87
     7.700     9.000     1.779     0.205  87
     4.600     8.000     1.779     0.205  87
     4.400     9.000     1.779     0.205  87
     6.400     8.000     1.779     0.205  87
     5.300     5.000     3.342     0.205  72
     6.300     4.000     3.342     0.205  72
     5.900     6.000     3.342     0.205  72
     5.500     5.000     3.342     0.205  72
     5.600     5.000     3.342     0.205  72
     4.400     5.000     3.342     0.205  72
     7.300     6.000     3.342     0.205  72
     8.400     7.000     3.342     0.205  72
     4.900     5.000     3.342     0.205  72
     4.800     5.000     3.342     0.205  72
     5.700     6.000     3.342     0.205  72
     6.000     4.000     3.342     0.205  72
     6.100     4.000     3.342     0.205  72
     6.100     4.000     3.342     0.205  72
     6.700     6.000     3.342     0.205  72
     4.500     4.000     3.342     0.205  72
     6.500     5.000     3.342     0.205  72
     5.900     5.000     3.342     0.205  72
     6.900     4.000     3.342     0.205  72
     4.000     6.000     3.342     0.205  72
     5.800     5.000     3.342     0.205  72
     2.800     5.000     1.303     0.205  60
     6.400     8.000     1.303     0.205  60
     5.600     9.000     1.303     0.205  60
     5.700     7.000     1.303     0.205  60
     5.500     6.000     1.303     0.205  60
     4.000     7.000     1.303     0.205  60
     5.300     8.000     1.303     0.205  60
     3.700     5.000     1.303     0.205  60
     4.500     6.000     1.303     0.205  60
     3.000     7.000     1.303     0.205  60
     6.000     8.000     1.303     0.205  60
     3.600     7.000     1.303     0.205  60
     5.700     6.000     1.303     0.205  60
     5.100     7.000     1.303     0.205  60
     6.100     7.000     1.303     0.205  60
     5.900     7.000     1.303     0.205  60
     4.200     7.000     1.303     0.205  60
     1.600     4.000     1.303     0.205  60
     2.700     5.000     1.303     0.205  60
     3.300     6.000     1.303     0.205  60
     1.400     4.000     1.303     0.205  60
     6.100     7.000     3.812     0.205  18
     7.800     5.000     3.812     0.205  18
     4.800     4.000     3.812     0.205  18
     6.700     5.000     3.812     0.205  18
     5.100     5.000     3.812     0.205  18
     6.800     4.000     3.812     0.205  18
     7.100     5.000     3.812     0.205  18
     6.700     3.000     3.812     0.205  18
     5.600     5.000     3.812     0.205  18
     5.100     4.000     3.812     0.205  18
     4.800     5.000     3.812     0.205  18
     6.700     6.000     3.812     0.205  18
     6.700     5.000     3.812     0.205  18
     6.900     4.000     3.812     0.205  18
     7.900     5.000     3.812     0.205  18
     6.600     5.000     3.812     0.205  18
     6.900     6.000     3.812     0.205  18
     5.700     5.000     3.812     0.205  18
     4.400     4.000     3.812     0.205  18
     5.700     3.000     3.812     0.205  18
     6.000     5.000     3.812     0.205  18
     2.700     5.000     1.014     0.205  55
     5.000     6.000     1.014     0.205  55
     4.400     6.000     1.014     0.205  55
     2.200     5.000     1.014     0.205  55
     4.500     5.000     1.014     0.205  55
     2.400     3.000     1.014     0.205  55
     2.700     6.000     1.014     0.205  55
     3.800     6.000     1.014     0.205  55
     4.500     5.000     1.014     0.205  55
     4.500     7.000     1.014     0.205  55
     4.100     7.000     1.014     0.205  55
     3.400     6.000     1.014     0.205  55
     2.400     5.000     1.014     0.205  55
     4.100     5.000     1.014     0.205  55
     5.000     6.000     1.014     0.205  55
     3.800     6.000     1.014     0.205  55
     3.900     4.000     1.014     0.205  55
     3.400     7.000     1.014     0.205  55
     4.400     6.000     1.014     0.205  55
     2.300     5.000     1.014     0.205  55
     2.000     4.000     1.014     0.205  55
     5.300     3.000     2.831     0.205  42
     6.600     7.000     2.831     0.205  42
     4.100     5.000     2.831     0.205  42
     5.500     5.000     2.831     0.205  42
     4.800     5.000     2.831     0.205  42
     4.500     4.000     2.831     0.205  42
     3.900     3.000     2.831     0.205  42
     5.900     5.000     2.831     0.205  42
     5.000     5.000     2.831     0.205  42
     7.100     7.000     2.831     0.205  42
     5.200     7.000     2.831     0.205  42
     7.000     5.000     2.831     0.205  42
     7.300     6.000     2.831     0.205  42
     4.100     3.000     2.831     0.205  42
     5.500     6.000     2.831     0.205  42
     4.900     6.000     2.831     0.205  42
     7.200     6.000     2.831     0.205  42
     4.100     5.000     2.831     0.205  42
     4.400     5.000     2.831     0.205  42
     5.300     4.000     2.831     0.205  42
     3.600     4.000     2.831     0.205  42
     4.400     5.000     2.523     0.205  95
     4.900     5.000     2.523     0.205  95
     4.100     3.000     2.523     0.205  95
     5.000     7.000     2.523     0.205  95
     4.100     5.000     2.523     0.205  95
     4.900     3.000     2.523     0.205  95
     3.100     5.000     2.523     0.205  95
     4.100     4.000     2.523     0.205  95
     5.100     5.000     2.523     0.205  95
     5.300     5.000     2.523     0.205  95
     4.500     6.000     2.523     0.205  95
     5.700     6.000     2.523     0.205  95
     7.500     6.000     2.523     0.205  95
     5.300     4.000     2.523     0.205  95
     6.300     5.000     2.523     0.205  95
     5.800     5.000     2.523     0.205  95
     5.900     5.000     2.523     0.205  95
     4.900     6.000     2.523     0.205  95
     3.900     7.000     2.523     0.205  95
     5.400     5.000     2.523     0.205  95
     4.300     4.000     2.523     0.205  95
     6.100     6.000     2.882     0.205  96
     6.700     5.000     2.882     0.205  96
     3.900     6.000     2.882     0.205  96
     5.000     6.000     2.882     0.205  96
     6.400     5.000     2.882     0.205  96
     7.000     6.000     2.882     0.205  96
     4.500     6.000     2.882     0.205  96
     4.600     6.000     2.882     0.205  96
     4.400     4.000     2.882     0.205  96
     4.900     4.000     2.882     0.205  96
     7.400     5.000     2.882     0.205  96
     4.900     4.000     2.882     0.205  96
     7.100     8.000     2.882     0.205  96
     5.400     5.000     2.882     0.205  96
     5.000     5.000     2.882     0.205  96
     6.000     6.000     2.882     0.205  96
     5.000     4.000     2.882     0.205  96
     3.200     3.000     2.882     0.205  96
     4.700     5.000     2.882     0.205  96
     4.000     4.000     2.882     0.205  96
     7.200     5.000     2.882     0.205  96
     4.200     5.000     1.235     0.205  97
     4.300     7.000     1.235     0.205  97
     2.500     5.000     1.235     0.205  97
     2.100     3.000     1.235     0.205  97
     2.800     4.000     1.235     0.205  97
     3.400     5.000     1.235     0.205  97
     3.400     5.000     1.235     0.205  97
     2.900     4.000     1.235     0.205  97
     4.100     5.000     1.235     0.205  97
     3.600     5.000     1.235     0.205  97
     2.200     4.000     1.235     0.205  97
     2.600     4.000     1.235     0.205  97
     3.000     4.000     1.235     0.205  97
     3.600     4.000     1.235     0.205  97
     1.600     3.000     1.235     0.205  97
     4.900     6.000     1.235     0.205  97
     2.600     4.000     1.235     0.205  97
     6.200     7.000     1.235     0.205  97
     5.500     6.000     1.235     0.205  97
     4.300     5.000     1.235     0.205  97
     3.300     5.000     1.235     0.205  97
     5.800     3.000     3.771     0.205  98
     5.900     4.000     3.771     0.205  98
     4.900     4.000     3.771     0.205  98
     5.300     6.000     3.771     0.205  98
     6.700     5.000     3.771     0.205  98
     6.400     7.000     3.771     0.205  98
     6.100     5.000     3.771     0.205  98
     7.100     5.000     3.771     0.205  98
     4.600     5.000     3.771     0.205  98
     5.700     3.000     3.771     0.205  98
     7.200     5.000     3.771     0.205  98
     8.200     6.000     3.771     0.205  98
     5.600     6.000     3.771     0.205  98
     7.300     5.000     3.771     0.205  98
     6.500     6.000     3.771     0.205  98
     5.500     5.000     3.771     0.205  98
     6.700     4.000     3.771     0.205  98
     6.100     4.000     3.771     0.205  98
     6.800     7.000     3.771     0.205  98
     7.200     5.000     3.771     0.205  98
     6.500     6.000     3.771     0.205  98
     4.200     7.000     2.443     0.205   5
     4.000     4.000     2.443     0.205   5
     4.700     5.000     2.443     0.205   5
     4.700     4.000     2.443     0.205   5
     5.200     6.000     2.443     0.205   5
     5.800     7.000     2.443     0.205   5
     4.400     6.000     2.443     0.205   5
     3.800     4.000     2.443     0.205   5
     5.900     6.000     2.443     0.205   5
     7.000     8.000     2.443     0.205   5
     7.300     7.000     2.443     0.205   5
     5.600     6.000     2.443     0.205   5
     5.600     7.000     2.443     0.205   5
     6.300     6.000     2.443     0.205   5
     4.200     6.000     2.443     0.205   5
     4.600     5.000     2.443     0.205   5
     6.100     6.000     2.443     0.205   5
     5.000     6.000     2.443     0.205   5
     5.800     6.000     2.443     0.205   5
     5.500     5.000     2.443     0.205   5
     5.300     6.000     2.443     0.205   5
     6.000     5.000     3.879     0.201  65
     6.600     3.000     3.879     0.201  65
     5.300     4.000     3.879     0.201  65
     6.400     5.000     3.879     0.201  65
     5.600     4.000     3.879     0.201  65
     6.800     5.000     3.879     0.201  65
     5.300     5.000     3.879     0.201  65
     5.100     4.000     3.879     0.201  65
     5.300     7.000     3.879     0.201  65
     6.400     5.000     3.879     0.201  65
     8.500     5.000     3.879     0.201  65
     5.700     6.000     3.879     0.201  65
     5.200     4.000     3.879     0.201  65
     7.500     4.000     3.879     0.201  65
     6.700     5.000     3.879     0.201  65
     7.300     5.000     3.879     0.201  65
     5.100     4.000     3.879     0.201  65
     4.700     5.000     3.879     0.201  65
     5.100     3.000     3.879     0.201  65
     7.400     5.000     3.879     0.201  65
     7.900     4.000     3.879     0.201  65
     7.000     6.000     3.879     0.201  65
     6.800     7.000     3.884     0.201  85
     6.000     3.000     3.884     0.201  85
     5.100     6.000     3.884     0.201  85
     7.800     5.000     3.884     0.201  85
     7.800     6.000     3.884     0.201  85
     5.500     6.000     3.884     0.201  85
     6.800     4.000     3.884     0.201  85
     5.200     5.000     3.884     0.201  85
     6.400     4.000     3.884     0.201  85
     7.700     5.000     3.884     0.201  85
     6.600     7.000     3.884     0.201  85
     4.700     5.000     3.884     0.201  85
     6.500     5.000     3.884     0.201  85
     7.100     6.000     3.884     0.201  85
     6.300     4.000     3.884     0.201  85
     7.000     5.000     3.884     0.201  85
     5.400     5.000     3.884     0.201  85
     6.100     5.000     3.884     0.201  85
     6.500     4.000     3.884     0.201  85
     6.000     4.000     3.884     0.201  85
     7.400     7.000     3.884     0.201  85
     6.700     4.000     3.884     0.201  85
     2.400     4.000     1.119     0.201  86
     5.600     6.000     1.119     0.201  86
     4.700     7.000     1.119     0.201  86
     4.300     7.000     1.119     0.201  86
     4.100     6.000     1.119     0.201  86
     4.600     6.000     1.119     0.201  86
     4.600     7.000     1.119     0.201  86
     3.200     7.000     1.119     0.201  86
     2.200     7.000     1.119     0.201  86
     3.000     6.000     1.119     0.201  86
     4.300     6.000     1.119     0.201  86
     2.900     5.000     1.119     0.201  86
     5.600     7.000     1.119     0.201  86
     2.900     5.000     1.119     0.201  86
     4.300     6.000     1.119     0.201  86
     5.200     7.000     1.119     0.201  86
     6.200     8.000     1.119     0.201  86
     3.500     4.000     1.119     0.201  86
     3.700     6.000     1.119     0.201  86
     2.900     4.000     1.119     0.201  86
     2.000     4.000     1.119     0.201  86
     5.000     7.000     1.119     0.201  86
     5.800     6.000     2.117     0.201  34
     3.800     5.000     2.117     0.201  34
     8.500     8.000     2.117     0.201  34
     4.600     7.000     2.117     0.201  34
     3.900     6.000     2.117     0.201  34
     3.900     5.000     2.117     0.201  34
     4.700     6.000     2.117     0.201  34
     5.600     7.000     2.117     0.201  34
     3.300     4.000     2.117     0.201  34
     5.700     6.000     2.117     0.201  34
     4.100     6.000     2.117     0.201  34
     4.300     4.000     2.117     0.201  34
     5.400     5.000     2.117     0.201  34
     4.800     5.000     2.117     0.201  34
     3.200     3.000     2.117     0.201  34
     4.200     6.000     2.117     0.201  34
     3.900     5.000     2.117     0.201  34
     6.100     7.000     2.117     0.201  34
     4.500     6.000     2.117     0.201  34
     3.800     5.000     2.117     0.201  34
     6.800     6.000     2.117     0.201  34
     5.000     5.000     2.117     0.201  34
     3.000     3.000     2.305     0.201  71
     5.100     5.000     2.305     0.201  71
     3.600     3.000     2.305     0.201  71
     4.000     4.000     2.305     0.201  71
     4.900     7.000     2.305     0.201  71
     3.900     4.000     2.305     0.201  71
     4.400     7.000     2.305     0.201  71
     6.900     6.000     2.305     0.201  71
     2.800     4.000     2.305     0.201  71
     5.500     5.000     2.305     0.201  71
     3.700     4.000     2.305     0.201  71
     5.600     6.000     2.305     0.201  71
     5.200     5.000     2.305     0.201  71
     2.600     4.000     2.305     0.201  71
     5.300     5.000     2.305     0.201  71
     4.000     4.000     2.305     0.201  71
     3.900     3.000     2.305     0.201  71
     1.700     3.000     2.305     0.201  71
     5.800     3.000     2.305     0.201  71
     4.800     4.000     2.305     0.201  71
     6.000     5.000     2.305     0.201  71
     4.900     3.000     2.305     0.201  71
     5.000     6.000     2.709     0.201  23
     4.800     6.000     2.709     0.201  23
     5.900     4.000     2.709     0.201  23
     4.500     5.000     2.709     0.201  23
     6.300     5.000     2.709     0.201  23
     6.000     7.000     2.709     0.201  23
     6.400     5.000     2.709     0.201  23
     3.300     4.000     2.709     0.201  23
     4.600     6.000     2.709     0.201  23
     5.600     5.000     2.709     0.201  23
     4.500     5.000     2.709     0.201  23
     6.400     6.000     2.709     0.201  23
     3.800     4.000     2.709     0.201  23
     6.600     6.000     2.709     0.201  23
     6.500     5.000     2.709     0.201  23
     5.600     6.000     2.709     0.201  23
     5.700     5.000     2.709     0.201  23
     4.200     5.000     2.709     0.201  23
     6.700     7.000     2.709     0.201  23
     3.200     3.000     2.709     0.201  23
     5.400     7.000     2.709     0.201  23
     4.700     3.000     2.709     0.201  23
     4.700     4.000     1.952     0.201  11
     5.500     5.000     1.952     0.201  11
     4.800     5.000     1.952     0.201  11
     4.900     6.000     1.952     0.201  11
     4.600     5.000     1.952     0.201  11
     4.600     6.000     1.952     0.201  11
     3.400     5.000     1.952     0.201  11
     5.600     7.000     1.952     0.201  11
     5.400     4.000     1.952     0.201  11
     5.600     5.000     1.952     0.201  11
     3.200     6.000     1.952     0.201  11
     5.100     6.000     1.952     0.201  11
     4.400     6.000     1.952     0.201  11
     4.800     6.000     1.952     0.201  11
     4.200     4.000     1.952     0.201  11
     4.300     5.000     1.952     0.201  11
     4.200     5.000     1.952     0.201  11
     4.000     6.000     1.952     0.201  11
     1.600     4.000     1.952     0.201  11
     4.900     5.000     1.952     0.201  11
     3.800     5.000     1.952     0.201  11
     4.100     4.000     1.952     0.201  11
     5.400     5.000     2.491     0.196  21
     5.700     5.000     2.491     0.196  21
     4.200     5.000     2.491     0.196  21
     3.500     4.000     2.491     0.196  21
     4.600     7.000     2.491     0.196  21
     4.100     5.000     2.491     0.196  21
     4.200     5.000     2.491     0.196  21
     4.600     4.000     2.491     0.196  21
     4.000     6.000     2.491     0.196  21
     4.500     3.000     2.491     0.196  21
     4.900     6.000     2.491     0.196  21
     5.300     6.000     2.491     0.196  21
     3.700     4.000     2.491     0.196  21
     3.800     4.000     2.491     0.196  21
     5.800     5.000     2.491     0.196  21
     3.700     4.000     2.491     0.196  21
     5.400     5.000     2.491     0.196  21
     6.700     4.000     2.491     0.196  21
     4.700     3.000     2.491     0.196  21
     6.000     6.000     2.491     0.196  21
     6.300     4.000     2.491     0.196  21
     5.000     5.000     2.491     0.196  21
     5.100     6.000     2.491     0.196  21
     6.200     5.000     2.449     0.196  32
     5.900     6.000     2.449     0.196  32
     4.900     6.000     2.449     0.196  32
     6.000     6.000     2.449     0.196  32
     4.900     6.000     2.449     0.196  32
     3.900     4.000     2.449     0.196  32
     4.500     4.000     2.449     0.196  32
     4.600     5.000     2.449     0.196  32
     2.400     3.000     2.449     0.196  32
     4.700     4.000     2.449     0.196  32
     5.000     6.000     2.449     0.196  32
     5.800     6.000     2.449     0.196  32
     6.100     5.000     2.449     0.196  32
     4.600     4.000     2.449     0.196  32
     5.200     5.000     2.449     0.196  32
     4.800     5.000     2.449     0.196  32
     4.000     5.000     2.449     0.196  32
     3.100     5.000     2.449     0.196  32
     4.800     6.000     2.449     0.196  32
     7.300     6.000     2.449     0.196  32
     3.300     4.000     2.449     0.196  32
     4.200     5.000     2.449     0.196  32
     6.900     6.000     2.449     0.196  32
     4.100     3.000     3.083     0.196   4
     5.300     2.000     3.083     0.196   4
     6.100     5.000     3.083     0.196   4
     6.000     6.000     3.083     0.196   4
     6.300     6.000     3.083     0.196   4
     4.000     3.000     3.083     0.196   4
     5.300     6.000     3.083     0.196   4
     5.600     4.000     3.083     0.196   4
     5.200     5.000     3.083     0.196   4
     6.200     6.000     3.083     0.196   4
     6.100     6.000     3.083     0.196   4
     3.900     4.000     3.083     0.196   4
     4.800     3.000     3.083     0.196   4
     5.800     5.000     3.083     0.196   4
     4.900     6.000     3.083     0.196   4
     6.600     5.000     3.083     0.196   4
     5.600     4.000     3.083     0.196   4
     4.500     5.000     3.083     0.196   4
     5.400     4.000     3.083     0.196   4
     4.900     6.000     3.083     0.196   4
     5.400     4.000     3.083     0.196   4
     6.700     5.000     3.083     0.196   4
     6.300     7.000     3.083     0.196   4
     5.500     4.000     2.762     0.196  46
     5.500     4.000     2.762     0.196  46
     6.100     6.000     2.762     0.196  46
     4.000     4.000     2.762     0.196  46
     3.500     4.000     2.762     0.196  46
     3.400     4.000     2.762     0.196  46
     6.200     6.000     2.762     0.196  46
     5.100     4.000     2.762     0.196  46
     3.500     4.000     2.762     0.196  46
     6.300     6.000     2.762     0.196  46
     6.100     5.000     2.762     0.196  46
     5.700     6.000     2.762     0.196  46
     3.900     6.000     2.762     0.196  46
     5.600     5.000     2.762     0.196  46
     3.600     4.000     2.762     0.196  46
     5.200     5.000     2.762     0.196  46
     8.400     8.000     2.762     0.196  46
     3.100     3.000     2.762     0.196  46
     5.100     2.000     2.762     0.196  46
     6.500     6.000     2.762     0.196  46
     4.500     3.000     2.762     0.196  46
     5.300     4.000     2.762     0.196  46
     3.700     4.000     2.762     0.196  46
     5.500     6.000     2.205     0.196  88
     3.800     4.000     2.205     0.196  88
     6.000     6.000     2.205     0.196  88
     5.900     5.000     2.205     0.196  88
     5.700     5.000     2.205     0.196  88
     3.300     4.000     2.205     0.196  88
     5.100     5.000     2.205     0.196  88
     2.700     4.000     2.205     0.196  88
     4.700     6.000     2.205     0.196  88
     4.400     5.000     2.205     0.196  88
     6.400     6.000     2.205     0.196  88
     4.300     4.000     2.205     0.196  88
     3.300     4.000     2.205     0.196  88
     3.100     7.000     2.205     0.196  88
     2.500     4.000     2.205     0.196  88
     5.300     3.000     2.205     0.196  88
     6.200     5.000     2.205     0.196  88
     4.600     5.000     2.205     0.196  88
     5.000     5.000     2.205     0.196  88
     6.100     7.000     2.205     0.196  88
     4.000     4.000     2.205     0.196  88
     3.600     4.000     2.205     0.196  88
     3.300     4.000     2.205     0.196  88
     4.200     5.000     2.032     0.196  51
     4.900     4.000     2.032     0.196  51
     3.100     5.000     2.032     0.196  51
     5.100     6.000     2.032     0.196  51
     5.000     5.000     2.032     0.196  51
     5.500     4.000     2.032     0.196  51
     3.700     5.000     2.032     0.196  51
     3.200     5.000     2.032     0.196  51
     5.000     5.000     2.032     0.196  51
     4.800     5.000     2.032     0.196  51
     2.400     5.000     2.032     0.196  51
     4.100     6.000     2.032     0.196  51
     2.400     3.000     2.032     0.196  51
     5.900     5.000     2.032     0.196  51
     4.300     5.000     2.032     0.196  51
     4.000     6.000     2.032     0.196  51
     5.300     5.000     2.032     0.196  51
     4.300     5.000     2.032     0.196  51
     4.000     5.000     2.032     0.196  51
     3.900     3.000     2.032     0.196  51
     6.300     5.000     2.032     0.196  51
     5.800     6.000     2.032     0.196  51
     3.900     5.000     2.032     0.196  51
     6.500     7.000     2.041     0.196  90
     4.200     6.000     2.041     0.196  90
     5.400     7.000     2.041     0.196  90
     4.900     7.000     2.041     0.196  90
     4.100     5.000     2.041     0.196  90
     5.100     7.000     2.041     0.196  90
     7.100     9.000     2.041     0.196  90
     3.800     6.000     2.041     0.196  90
     5.000     7.000     2.041     0.196  90
     6.300     7.000     2.041     0.196  90
     4.900     7.000     2.041     0.196  90
     5.900     8.000     2.041     0.196  90
     6.200     8.000     2.041     0.196  90
     5.200     8.000     2.041     0.196  90
     6.200     7.000     2.041     0.196  90
     7.700     9.000     2.041     0.196  90
     6.500     8.000     2.041     0.196  90
     4.900     7.000     2.041     0.196  90
     5.100     8.000     2.041     0.196  90
     5.000     6.000     2.041     0.196  90
     5.700     7.000     2.041     0.196  90
     5.300     6.000     2.041     0.196  90
     5.600     8.000     2.041     0.196  90
     3.400     5.000     2.548     0.196  99
     5.100     5.000     2.548     0.196  99
     3.500     3.000     2.548     0.196  99
     3.800     5.000     2.548     0.196  99
     4.500     5.000     2.548     0.196  99
     4.200     4.000     2.548     0.196  99
     5.300     6.000     2.548     0.196  99
     6.200     6.000     2.548     0.196  99
     5.200     5.000     2.548     0.196  99
     8.000     5.000     2.548     0.196  99
     4.400     4.000     2.548     0.196  99
     7.400     6.000     2.548     0.196  99
     4.100     4.000     2.548     0.196  99
     5.000     5.000     2.548     0.196  99
     5.800     4.000     2.548     0.196  99
     4.400     5.000     2.548     0.196  99
     2.900     3.000     2.548     0.196  99
     3.500     4.000     2.548     0.196  99
     5.400     5.000     2.548     0.196  99
     5.900     5.000     2.548     0.196  99
     4.600     5.000     2.548     0.196  99
     4.800     5.000     2.548     0.196  99
     4.200     5.000     2.548     0.196  99
     6.000     6.000     1.923     0.196  52
     4.400     3.000     1.923     0.196  52
     5.600     6.000     1.923     0.196  52
     6.100     5.000     1.923     0.196  52
     5.000     4.000     1.923     0.196  52
     2.900     4.000     1.923     0.196  52
     3.400     6.000     1.923     0.196  52
     3.200     6.000     1.923     0.196  52
     4.700     5.000     1.923     0.196  52
     5.100     5.000     1.923     0.196  52
     5.400     6.000     1.923     0.196  52
     4.200     5.000     1.923     0.196  52
     1.900     2.000     1.923     0.196  52
     4.400     5.000     1.923     0.196  52
     4.500     5.000     1.923     0.196  52
     3.600     5.000     1.923     0.196  52
     5.400     7.000     1.923     0.196  52
     3.900     5.000     1.923     0.196  52
     3.400     5.000     1.923     0.196  52
     4.500     6.000     1.923     0.196  52
     6.000     6.000     1.923     0.196  52
     3.600     6.000     1.923     0.196  52
     4.200     6.000     1.923     0.196  52
     4.200     5.000     2.068     0.192  15
     3.400     5.000     2.068     0.192  15
     4.000     4.000     2.068     0.192  15
     3.100     4.000     2.068     0.192  15
     6.300     7.000     2.068     0.192  15
     4.400     6.000     2.068     0.192  15
     5.500     6.000     2.068     0.192  15
     7.900     8.000     2.068     0.192  15
     2.900     5.000     2.068     0.192  15
     6.400     8.000     2.068     0.192  15
     5.100     5.000     2.068     0.192  15
     4.300     7.000     2.068     0.192  15
     4.300     6.000     2.068     0.192  15
     5.800     5.000     2.068     0.192  15
     4.500     6.000     2.068     0.192  15
     4.500     5.000     2.068     0.192  15
     6.000     6.000     2.068     0.192  15
     5.600     6.000     2.068     0.192  15
     4.700     6.000     2.068     0.192  15
     4.500     4.000     2.068     0.192  15
     4.300     3.000     2.068     0.192  15
     3.200     5.000     2.068     0.192  15
     5.000     5.000     2.068     0.192  15
     2.900     4.000     2.068     0.192  15
     5.400     5.000     2.832     0.192  10
     6.300     6.000     2.832     0.192  10
     3.400     5.000     2.832     0.192  10
     4.900     4.000     2.832     0.192  10
     5.100     5.000     2.832     0.192  10
     7.000     6.000     2.832     0.192  10
     5.400     5.000     2.832     0.192  10
     4.900     5.000     2.832     0.192  10
     6.600     6.000     2.832     0.192  10
     5.800     5.000     2.832     0.192  10
     4.400     6.000     2.832     0.192  10
     4.900     6.000     2.832     0.192  10
     6.000     7.000     2.832     0.192  10
     4.800     6.000     2.832     0.192  10
     3.600     3.000     2.832     0.192  10
     5.000     5.000     2.832     0.192  10
     5.500     3.000     2.832     0.192  10
     5.000     6.000     2.832     0.192  10
     5.200     3.000     2.832     0.192  10
     5.400     6.000     2.832     0.192  10
     6.000     4.000     2.832     0.192  10
     5.700     6.000     2.832     0.192  10
     6.100     4.000     2.832     0.192  10
     5.200     5.000     2.832     0.192  10
     7.700     6.000     2.870     0.189  63
     4.800     5.000     2.870     0.189  63
     5.100     3.000     2.870     0.189  63
     3.400     4.000     2.870     0.189  63
     5.500     6.000     2.870     0.189  63
     4.600     5.000     2.870     0.189  63
     4.800     7.000     2.870     0.189  63
     5.300     5.000     2.870     0.189  63
     4.600     5.000     2.870     0.189  63
     5.400     5.000     2.870     0.189  63
     6.100     6.000     2.870     0.189  63
     5.800     5.000     2.870     0.189  63
     5.500     7.000     2.870     0.189  63
     4.600     5.000     2.870     0.189  63
     6.400     6.000     2.870     0.189  63
     6.500     5.000     2.870     0.189  63
     4.200     4.000     2.870     0.189  63
     4.600     4.000     2.870     0.189  63
     3.100     4.000     2.870     0.189  63
     6.800     4.000     2.870     0.189  63
     7.100     7.000     2.870     0.189  63
     5.500     4.000     2.870     0.189  63
     6.900     5.000     2.870     0.189  63
     4.600     4.000     2.870     0.189  63
     4.000     4.000     2.870     0.189  63
     3.700     4.000     2.787     0.185  17
     5.200     3.000     2.787     0.185  17
     6.300     6.000     2.787     0.185  17
     3.900     5.000     2.787     0.185  17
     5.300     3.000     2.787     0.185  17
     3.700     5.000     2.787     0.185  17
     5.800     6.000     2.787     0.185  17
     4.600     4.000     2.787     0.185  17
     5.900     5.000     2.787     0.185  17
     5.800     5.000     2.787     0.185  17
     6.600     6.000     2.787     0.185  17
     3.700     4.000     2.787     0.185  17
     5.800     6.000     2.787     0.185  17
     6.200     6.000     2.787     0.185  17
     4.800     6.000     2.787     0.185  17
     7.000     6.000     2.787     0.185  17
     5.400     3.000     2.787     0.185  17
     7.000     5.000     2.787     0.185  17
     3.300     4.000     2.787     0.185  17
     6.700     7.000     2.787     0.185  17
     5.600     5.000     2.787     0.185  17
     3.500     4.000     2.787     0.185  17
     3.600     4.000     2.787     0.185  17
     5.100     4.000     2.787     0.185  17
     3.700     5.000     2.787     0.185  17
     5.300     4.000     2.787     0.185  17
